scientific_name	relative_abundance1	relative_abundance2	relative_abundance3	relative_abundance4	relative_abundance5	relative_abundance6	relative_abundance7	relative_abundance8	relative_abundance9	relative_abundance10
[Clostridium] aldenense	0.00488067	0	0.00335807	0.00433388	0.0261602	0.106028	0.0217524	0	0	0.00167177
[Clostridium] bolteae	0.0195227	0.0401571	0.0436549	0.0346711	0.481348	1.07846	0.0174019	0	0	0.0451377
[Clostridium] celerecrescens	0.00976134	0.0044619	0.00671614	0	0.0104641	0.0363526	0	0	0	0.00334353
[Clostridium] cellobioparum	0	0.0044619	0	0	0	0.00605877	0	0.00372439	0	0
[Clostridium] clariflavum	0	0.0401571	0.00671614	0.00433388	0.0104641	0.0454408	0	0.0521415	0	1.80384
[Clostridium] colinum	0	0.16509	0.00671614	0	0.0156961	0.00302939	0	0.0595903	0	0
[Clostridium] hylemonae	0	0.0044619	0.00671614	0	0	0	0	0	0	1.53134
[Clostridium] indolis	0.302601	0.227557	1.51785	1.72489	1.11442	0.369585	0.217524	0.108007	0.0648314	0.183894
[Clostridium] innocuum	0	0	0	0	0.449956	0.0848228	0	0	0	0
[Clostridium] leptum	0.0536873	0.129395	0.0369388	0.0173355	2.79391	2.16298	1.12677	0.0819367	0.00997407	0.379491
[Clostridium] methylpentosum	0.0244033	0.0356952	0	0.0130016	0.00523204	0.0302939	0.00435047	0	0	0.658676
[Clostridium] neopropionicum	0	0.0535427	0.0100742	0	0.0732486	0.0363526	0.00870095	0.0633147	0.00498703	0.0183894
[Clostridium] oroticum	0	0	0.0100742	0	0.575525	0	0	0	0	0.00334353
[Clostridium] paradoxum	0	0	0	0.00433388	0.00523204	0	0	0	0	0
[Clostridium] propionicum	0.014642	0.151704	0.0503711	0.00433388	0.0523204	0.572554	0.0565562	0.0111732	0.0299222	0.0250765
[Clostridium] saccharogumia	0.00488067	0.0044619	0	0.00433388	0.0104641	0	0.00870095	0	0	0
[Clostridium] saccharolyticum	0.058568	0.0580046	0.0570872	0.125683	0.125569	0.154499	0.100061	0.126629	0.0199481	0.208971
[Clostridium] scindens	0	0	0.00671614	0	0.0523204	0.224174	0	0	0	0.0100306
[Clostridium] sphenoides	0.029284	0.0044619	0.00335807	0.00866776	0.0627845	0.451378	0.0174019	0.00744879	0	0.021733
[Clostridium] spiroforme	0.07321	0.0356952	0.0402969	0.00866776	0.0104641	0	0.0870095	0.0409683	0.0299222	0
[Clostridium] stercorarium	0	0	0	0.0130016	0.0156961	0	0.00435047	0	0	0.0117024
[Clostridium] symbiosum	0.283079	0.16509	0.167904	0.073676	0.0366243	0.324144	0.0696076	0.126629	0.00997407	0.130398
[Clostridium] thermosuccinogenes	0	0.0044619	0	0	3.76184	0	0	0.0111732	0.00997407	0.269154
[Clostridium] xylanolyticum	0.00488067	0	0.120891	0.125683	0.00523204	0.00908815	0.0217524	0.86406	0.00498703	0.0133741
[Eubacterium] brachy	0	0	0.00335807	0	0.0104641	0	0.0435047	0	0	0.0167177
[Eubacterium] contortum	0	0	0.00335807	0	0.214514	0.00605877	0	0.00372439	0	0.00835883
[Eubacterium] eligens	0.419737	0.910227	1.29286	1.63387	0.00523204	0	0.374141	0.819367	0.0299222	0.441346
[Eubacterium] fissicatena	0	0	0	0	0.397635	0.00302939	0.00435047	0.00372439	0	0
[Eubacterium] hallii	0.00488067	0.0178476	0.0134323	0.0130016	0.104641	0	0.00870095	0.00372439	0	1.18361
[Eubacterium] rectale	0.0341647	0.0624665	0.047013	0.0173355	4.70884	0.00302939	0.0217524	0.00744879	0	0.0133741
[Eubacterium] siraeum	0	0.0133857	0.100742	0.0173355	0	0	0	0.33892	0	3.17635
[Mannheimia] succiniciproducens	0	0	0.00335807	0	0	0	0	0	0	0
[Ruminococcus] gnavus	0.014642	0.0178476	0.0134323	0.0173355	0.00523204	0.463496	0.00435047	0.00372439	0.00498703	0.0351071
[Ruminococcus] torques	0.0390453	0.0044619	0	0.00866776	0.00523204	0.151469	0.00870095	0.0260708	0	0.0167177
Acholeplasma axanthum	0	0	0.00335807	0	0	0	0	0	0	0.0250765
Acholeplasma brassicae	0	0.0044619	0	0	0	0	0	0	0	0
Acidaminococcus fermentans	0.00488067	0	0.00335807	0.00433388	0	0	0	0	0	0
Acidaminococcus intestini	0.561277	0.0178476	0.614527	0.195025	0.0470884	0	0.361089	0	0.00498703	0.324323
Acinetobacter johnsonii	0	0	0	0.00433388	0	0	0	0	0	0
Actinobacillus delphinicola	0	0	0.0100742	0	0	0	0	0	0	0
Actinobacillus porcinus	0	0	0.00335807	0	0	0	0	0	0	0
Actinobacillus succinogenes	0	0	0.00335807	0	0	0	0	0	0	0
Actinomyces gerencseriae	0	0.0044619	0	0	0	0	0	0	0	0.0100306
Actinomyces lingnae	0.00488067	0	0	0	1.77366	0.00302939	0	0	0	0
Actinomyces meyeri	0	0	0.00335807	0.00433388	0	0.00908815	0	0	0	0
Actinomyces neuii	0	0	0.00335807	0	0	0.00302939	0	0	0	0
Actinomyces odontolyticus	0	0.0044619	0	0.0130016	0	0.00605877	0.00435047	0	0	0.0050153
Actinomyces sp.	0	0	0.00335807	0	0	0	0	0	0	0.00334353
Aggregatibacter segnis	0	0	0.00671614	0	0	0	0	0	0	0
Aggregatibacter sp. CCUG 36139	0	0	0.00671614	0	0	0	0	0	0	0
Akkermansia muciniphila	0	0.00892379	0.00335807	0.0173355	0.00523204	9.06695	2.53633	0.00744879	0.144624	0.732233
Alistipes finegoldii	0.00976134	0.0133857	0.0100742	0.104013	0.00523204	0	0.0174019	0.0744879	0.00997407	0.0401224
Alistipes indistinctus	0.0390453	0.218633	0.00671614	0	0	0.0999697	0.0957104	0.0633147	0	0.078573
Alistipes onderdonkii	0.141539	0.1874	0.963766	1.03146	0.0104641	0.157528	1.02236	0.0931099	0.0498703	0.021733
Alistipes putredinis	0.697935	3.66322	3.58978	2.22762	0.00523204	0.384732	0.752632	0.64432	0.50369	0.548339
Alistipes shahii	0.0683293	0.169552	0.0100742	0.21236	0.429027	0.215086	0.343687	0.018622	0.0349092	0.466423
Alistipes timonensis	0.00488067	0.0936998	0.047013	0.0433388	0	0.00605877	0.00435047	0.0484171	0.00997407	0.0534965
Alteromonas macleodii	0	0	0	0.00433388	0	0	0	0	0	0
Anaerocolumna aminovalerica	0	0.00892379	0.0100742	0.00866776	0.0313922	0.00605877	0.00435047	0	0	0.00835883
Anaerofilum pentosovorans	0.0244033	0.0312333	0	0.0130016	0.0261602	0.415026	0.0261028	0.00744879	0.00498703	0
Anaerosporobacter mobilis	0	0	0.00335807	0	0	0.00908815	0	0	0	0
Anaerofustis stercorihominis	0	0	0	0	0.664469	0	0	0	0	0.0100306
Anaerostipes butyraticus	0	0.0178476	0.00335807	0.0303372	0.0156961	0	0	0.0111732	0	0.00167177
Anaerostipes caccae	0	0.00892379	0.00335807	0.0346711	0.0994088	0.00302939	0	0.00744879	0	0.0100306
Anaerotruncus colihominis	0.156181	0.214171	0.161187	0.104013	0.00523204	0.424114	1.16158	0.0521415	0.00997407	0.162161
Bacillus alkalitelluris	0	0	0.00335807	0	0	0	0	0	0	0
Bacillus drentensis	0	0	0.00335807	0	0	0	0	0	0	0
Bacillus firmus	0.00488067	0	0	0	0	0	0	0	0	0
Bacillus flexus	0	0	0	0.0130016	0	0	0	0.00372439	0	0
Bacillus gaemokensis	0.00976134	0.0044619	0.329091	0	0.350547	0.0757346	0.09136	0.0297952	0	0.275841
Bacillus licheniformis	0	0	0	0	0	0.00302939	0	0	0	0
Bacillus luteolus	0	0	0	0	0	0	0.00435047	0	0	0
Bacillus megaterium	0.00488067	0.0044619	0.00671614	0.00433388	0	0.00908815	0.0609066	0.0148976	0	0
Bacillus nealsonii	0.0536873	0.0133857	0.0134323	0.0216694	0.00523204	0	0	0	0	0
Bacillus panaciterrae	0	0	0.00335807	0	0.0156961	0	0.00435047	0	0	0
Bacillus thuringiensis	0	0	0	0.00433388	0	0.00605877	0	0.0148976	0	0
Bacillus shackletonii	0	0	0.00335807	0	0	0	0	0	0	0.00167177
Bacteroides barnesiae	0.00488067	0.00892379	0.00335807	0.0780099	0	0.0181763	0.00870095	0.0111732	0.0299222	0.00334353
Bacteroides caccae	0.385573	1.70444	1.53128	1.73355	0.151729	0.193881	0.0348038	0.00744879	0.0698185	0.0351071
Bacteroides cellulosilyticus	0.014642	0.00892379	0.0268646	0.0303372	0.0104641	0.0696759	0.0435047	0.417132	0.00997407	0.00167177
Bacteroides coprocola	0.107375	0.0133857	0	0.0130016	0	0.00302939	0.00870095	13.7765	0.548574	0.30259
Bacteroides coprophilus	0	0	0.00335807	0	0.0418563	0.00302939	0	0.0707635	0	0.00167177
Bacteroides coprosuis	0	0.00892379	0.0167904	0.00433388	2.32303	0.0181763	0.00435047	0	0	0
Bacteroides dorei	0.043926	0	0.0167904	0.0216694	0.0156961	0.0605877	0.0304533	0.0223464	0.0249352	0.0100306
Bacteroides eggerthii	0.014642	0	0.00671614	0.0216694	5.09601	0.0151469	0.00435047	0.439479	0.0548574	0.00167177
Bacteroides faecichinchillae	0.00488067	0.0044619	0.0100742	0.00433388	0	0	0.00870095	0	0.00498703	0
Bacteroides finegoldii	0.00488067	0	0.0268646	0.00433388	0	0	0.00435047	0.0148976	0	0
Bacteroides fluxus	0.043926	0.240942	0.255213	0.169021	0.0261602	0.0302939	0.0609066	0.130354	0.00997407	0
Bacteroides fragilis	0.00488067	0.0535427	0.0134323	0.372714	0.0104641	4.24417	1.51832	0.00372439	0	0
Bacteroides gallinarum	0	0	0	0	0	0.00302939	0	0	0	0
Bacteroides graminisolvens	0.0390453	0.0223095	0.00671614	0	0	0	0	0	0.0897666	0
Bacteroides helcogenes	0	0	0.0100742	0.00433388	0.0104641	0.00302939	0	0.00372439	0.00498703	0
Bacteroides intestinalis	0.00976134	0.0267714	10.6115	0.0260033	4.74023	0.00908815	0	0.00372439	0.0249352	0.00167177
Bacteroides massiliensis	2.56235	0.0133857	0.00335807	0.0216694	0.00523204	0.00908815	0.0435047	1.32961	1.57092	0.0300918
Bacteroides nordii	0.00976134	0.00892379	0	0.00433388	0.00523204	0.00605877	0.00870095	0.0260708	0	0
Bacteroides oleiciplenus	0	0.0044619	7.89147	0	0.00523204	0.00605877	0.00435047	0	0	0
Bacteroides ovatus	1.70823	2.91808	0.00335807	5.58637	0.0104641	0.951227	10.3237	2.96462	0.254339	0.616881
Bacteroides paurosaccharolyticus	0	0.0267714	0.0100742	0.0303372	0.0104641	0	0	0	0	0
Bacteroides plebeius	0	0.0178476	0	0.0130016	0	0.00908815	0.00870095	0.0223464	0.289248	0
Bacteroides propionicifaciens	0	0	0.00335807	0	0.638309	0	0	0	0.00498703	0
Bacteroides pyogenes	0.0488067	0.151704	0	0	0	0	0	0.00372439	0	0
Bacteroides salanitronis	0.00488067	0	0	0	0	0	0	0.018622	0	0
Bacteroides salyersiae	0	0.0356952	1.14174	0	2.07712	0	0	0.175047	0	0
Bacteroides sartorii	0.0488067	0	0.0134323	0.00433388	2.26024	0	0	0.0111732	0.0299222	0
Bacteroides sp. MC_16	0.014642	0.00892379	0.00335807	0.0260033	0.763878	0.0151469	0.0478552	0.00372439	0	0
Bacteroides stercorirosoris	0.00488067	0.0223095	0.0671614	0.00866776	0	0.00908815	0.0261028	0	0	0
Bacteroides stercoris	0.51247	0.535427	0.758924	35.1088	0.0366243	13.4899	0.0696076	0.0707635	0.0648314	0
Bacteroides thetaiotaomicron	0.605203	0.223095	8.11982	1.78123	0.00523204	0.736141	3.31071	0.201117	0.164572	0.0100306
Bacteroides uniformis	0.902924	0.762984	0.134323	5.53437	0.0889447	11.2148	7.93527	6.89013	0.214442	0.182222
Bacteroides vulgatus	0.795549	3.76138	0.154471	5.59504	0.00523204	0.49379	0.195771	1.13222	1.66068	1.21705
Bacteroides xylanisolvens	0.00488067	0.0490808	0.392894	0.073676	0.00523204	0.0212057	0.134865	0.108007	0.00498703	0
Bacteroides zoogleoformans	0	0	0	0	0	0.00605877	0	0.0484171	0	0
Barnesiella viscericola	0.107375	0.254328	0.983915	0.0216694	0.0156961	0.00302939	3.43687	0.0111732	0.379015	0.513232
Bifidobacterium adolescentis	0	0.383723	0.0100742	0	0.00523204	0.00605877	0.0478552	0.752328	0	7.73693
Bifidobacterium animalis	0	0.00892379	0.00671614	0	0	0	0	0.0223464	0	0.078573
Bifidobacterium biavatii	0	0	0.0402969	0	0.0209282	0	0	0	0	0.0685424
Bifidobacterium bifidum	0.00976134	0	0	0	0.0209282	0	0	0.00372439	0	0.0200612
Bifidobacterium boum	0.00488067	0.0178476	1.02757	0	0.00523204	0	0.00870095	0.018622	0	0.00835883
Bifidobacterium breve	0.00488067	0.392647	0.0167904	0	0.0941767	0	0.0478552	0.700186	0.00498703	0
Bifidobacterium catenulatum	0	0	0.0638034	0	0.141265	0	0	0	0	0.00334353
Bifidobacterium choerinum	0	0.0356952	0.00335807	0	0.219746	0	0.00435047	0.0484171	0	0.0300918
Bifidobacterium dentium	0	0	0.194768	0	0.00523204	0	0	0	0	0.0117024
Bifidobacterium gallicum	0	0.174014	1.34994	0.00433388	0.0104641	0	0.00435047	0.100559	0	0
Bifidobacterium longum	0.0244033	0.530966	0.00671614	0	0.0418563	0.00302939	0.0435047	0.957169	0.00997407	4.32151
Bifidobacterium magnum	0	0.0044619	0.510427	0	0	0.00302939	0	0	0	0
Bifidobacterium pseudocatenulatum	0.014642	0.419418	0.00335807	0	0.00523204	0	0	0.00372439	0	0.152131
Bifidobacterium pseudolongum	0	0.0044619	0.0134323	0	0	0	0	0	0	0.0752295
Bifidobacterium pullorum	0	0.0044619	0.00335807	0	0.0627845	0	0	0	0	0
Bifidobacterium reuteri	0	0	0.147755	0	5.17972	0	0.00435047	0	0	0.00668706
Bifidobacterium ruminantium	0	0	0	0	0	0	0	0	0	0.0969624
Bifidobacterium saguini	0	0.0624665	0.0167904	0	0.0209282	0	0.00870095	0.111732	0	0.123711
Bifidobacterium scardovii	0	0.00892379	0.00335807	0	0	0	0	0	0	0.168848
Bifidobacterium thermacidophilum	0	0	0.0134323	0	0	0	0	0	0	0
Bifidobacterium thermophilum	0	0	0.0436549	0	0	0	0	0	0	0.00167177
Bifidobacterium tsurumiense	0	0.0223095	0.439907	0	0.408099	0	0	0.00744879	0	0.00167177
Bilophila wadsworthia	0.0488067	0.0892379	1.36002	0.0780099	0	0.24841	0.00435047	0.417132	0	0.00668706
Blautia coccoides	0	0	0	0.00866776	0.141265	0.157528	0.0304533	0	0	0.0518247
Blautia glucerasea	0.673532	2.0614	1.07122	0.715091	0.00523204	3.38988	0.495954	0.0670391	0.194494	0.580103
Blautia hydrogenotrophica	0	0	0	0.0130016	0.00523204	0.290821	0	0	0	0.197268
Blautia obeum	0.536873	1.45904	0.0235065	1.19182	0.00523204	4.05938	2.39711	0.242086	0.0847796	1.41599
Blautia producta	0.00488067	0.0356952	0.00335807	0.0910115	0.0104641	0.869434	0.139215	0.0111732	0	0.0986342
Blautia schinkii	0	0.0133857	0.00335807	0.0130016	0.00523204	0.0605877	0.0261028	0	0	0.112008
Brevibacillus choshinensis	0.00488067	0.0044619	0.00335807	0	0	0.00605877	0.00435047	0	0	0
Caldilinea aerophila	0.00488067	0.00892379	0.0100742	0.00433388	0	0.00605877	0	0	0	0.00167177
Caldithrix abyssi	0	0	0.00335807	0.0216694	0.00523204	0	0	0	0	0
Campylobacter hominis	0	0	0	0.00433388	0.0104641	0	0	0	0	0
Campylobacter showae	0	0	0.0201484	0	0	0	0	0	0	0
Candidatus Babela massiliensis	0	0	0	0	0	0	0	0	0	0.00167177
Candidatus Koribacter versatilis	0	0	0	0	0	0	0	0	0	0.00167177
Candidatus Solibacter usitatus	0	0	0	0	0	0	0	0	0	0.00668706
Catabacter hongkongensis	0.00488067	0.0223095	0	0	0	0	0	0	0	0.00668706
Cellulosilyticum lentocellum	0	0	0.00335807	0	0	0	0	0	0	0.00334353
Chloroherpeton thalassium	0	0	0	0	0	0.00302939	0	0	0	0
Christensenella minuta	0	0.0044619	0.0167904	0.0260033	0.00523204	0.0545289	0.00435047	0	0	0.18891
Cloacibacterium normanense	0	0.0044619	0	0	0	0	0	0	0	0
Clostridioides difficile	0	0	0	0	0	0	0.0217524	0	0	0.00668706
Clostridium aminobutyricum	0	0.0044619	0	0.00433388	0	0.00302939	0.00870095	0.0335196	0	0.0100306
Clostridium baratii	0	0	0.0235065	0	0	0	0	0	0.00498703	0
Clostridium beijerinckii	0.00976134	0	0.00335807	0.00866776	0	0	0	0.00372439	0	0.0167177
Clostridium botulinum	0	0	0.0839518	0	0	0	0	0	0	0
Clostridium butyricum	0	0	0.0167904	0.00433388	0	0.00605877	0	0	0	0
Clostridium celatum	0	0	0.0100742	0	0	0	0	0	0	0.00334353
Clostridium chartatabidum	0	0	0.0167904	0.333709	0	0.00605877	0	0	0	0.0100306
Clostridium chauvoei	0	0.0044619	0	0	0.0104641	0	0	0	0.00498703	0
Clostridium cylindrosporum	0	0	0	0.00866776	0	0	0	0	0	0
Clostridium maximum	0.00488067	0.0267714	0.00671614	0.00433388	0.0418563	0.0242351	0.00870095	0.00372439	0	0.0351071
Clostridium moniliforme	0	0	0.094026	0.00433388	0	0	0	0	0	0.00167177
Clostridium paraputrificum	0	0	0.00335807	0.00866776	0	0	0	0	0	0.548339
Clostridium pasteurianum	0	0.0044619	0.00335807	0	0	0	0	0	0	0
Clostridium perfringens	0	0	0.0134323	0	0	0	0.00870095	0	0	0.02842
Clostridium puniceum	0	0	0.0772356	0	0	0	0	0	0	0
Clostridium saccharoperbutylacetonicum	0	0	0.0805937	0	0.00523204	0	0.0435047	0.163873	0	0.0050153
Clostridium sartagoforme	0.00488067	0	0.00335807	0	0	0	0	0.0148976	0	0.220673
Clostridium septicum	0	0.00892379	0.00671614	0	0.0313922	0	0	0.0111732	0.00498703	0
Clostridium sp.	0	0	0	0.00433388	0	0	0	0.0335196	0	0.00167177
Clostridium sp. ATCC 29733	0	0.00892379	0.00335807	0.0130016	0.0156961	0.0151469	0	0.00372439	0	0.00167177
Clostridium sp. ATCC BAA-442	0	0.0044619	0	0	0.115105	0.0121175	0.00870095	0	0	0
Clostridium tarantellae	0	0	0.137681	0.00433388	0.0209282	0	0	0	0	0.00668706
Clostridium tepidiprofundi	0	0	0	0.00433388	0	0	0	0	0	0
Clostridium tertium	0.00488067	0	0.00335807	0	0.0104641	0	0.00870095	0.342644	0	1.30063
Clostridium ventriculi	0.00488067	0	0	0	0	0	0	0.0148976	0.00498703	0.0351071
Collinsella aerofaciens	0	0	0.00335807	0	0	0	0	0.00372439	0	2.02952
Coprobacillus cateniformis	0	0.0044619	0.305584	0	0.0104641	0.0151469	0.00435047	0	0	0
Coprococcus comes	0.131778	0.120471	0.00335807	0.108347	0.0366243	0.118146	0.130514	0.0148976	0.0448833	0.424628
Coprococcus eutactus	1.10303	2.0257	0	1.38251	0.00523204	0.00302939	0.0130514	3.13222	0.00498703	0.538309
Coprothermobacter platensis	0	0	0.0134323	0	0	0	0	0	0	0
Corynebacterium humireducens	0	0	0	0.00433388	0	0.00302939	0	0	0	0
Corynebacterium tuberculostearicum	0.0195227	0.0133857	0	0	0	0	0	0	0.114702	0.00334353
Dehalococcoides mccartyi	0.00488067	0	0.00335807	0	0.0470884	0	0.00435047	0	0.00498703	0
Dehalogenimonas lykanthroporepellens	0	0.00892379	0.00335807	0.00433388	0.00523204	0.00605877	0	0	0	0
Dendrosporobacter quercicolus	0	0.0044619	0.00335807	0.00433388	0.0209282	0.00302939	0	0	0	0
Desulfomicrobium baculatum	0	0	0.00335807	0	0	0	0	0	0	0
Desulfosporosinus acidiphilus	0	0	0	0.00433388	0	0	0	0	0	0
Desulfovibrio alaskensis	0	0	0.0100742	0.00433388	0	0	0	0	0	0
Desulfovibrio desulfuricans	0	0	0	0.00866776	0.00523204	0	0	0	0	0
Desulfovibrio fairfieldensis	0	0.00892379	0	0	0	0	0	0	0	0
Desulfovibrio piger	0	0	0	0	0	0	0	0	0.0847796	0
Desulfovibrio vulgaris	0	0	0	0.00866776	0	0	0	0	0	0
Dialister invisus	5.46635	5.4569	0	0.00433388	0.0261602	3.1233	0.130514	0.670391	0	2.24184
Dialister micraerophilus	0	0.874532	0.0638034	0	0	0	0	0	0	0.570072
Dialister pneumosintes	0.102494	0	0	0	0.23021	0	0	0	0.0199481	0
Dorea formicigenerans	0.117136	0.129395	0.00335807	0.0650082	0.863287	0	0.130514	0.00372439	0	0.356086
Draconibacterium orientale	0.00488067	0	0	0	0	0.00302939	0	0	0	0
Effusibacillus pohliae	0.00976134	0	0	0	0	0	0	0	0	0
Eggerthella lenta	0	0	0	0.0173355	0.292994	0.0605877	0.00435047	0	0	0
Eggerthella sp. YY7918	0.00488067	0.0223095	0	0	0	0	0.00870095	0	0	0.175535
Emticicia oligotrophica	0	0	0.00671614	0	0	0	0.00435047	0	0	0
Enterococcus casseliflavus	0	0	0.00335807	0	0	0	0.00435047	0	0	0
Enterococcus sulfureus	0	0	0.094026	0	0	0	0	0	0	0
Erysipelatoclostridium ramosum	0	0	0	0.00433388	0.0941767	0.0272645	0.00435047	0	0	0
Escherichia coli	0	0	0	0	0	0	0	0.00372439	0	0
Ethanoligenens harbinense	0	0	0	0.00433388	0	0.0121175	0	0	0	0.0234047
Eubacterium desmolans	0.043926	0.116009	0.00671614	0.0390049	0.0104641	0.0514995	0.400244	0.595903	0.00997407	0.481468
Eubacterium plexicaudatum	0.00976134	0	0.218275	0.00866776	5.03322	0	0	0	0	0.00334353
Eubacterium limosum	0	0	0	0	0	0.227204	0	0	0	0
Eubacterium ramulus	0.0780907	0.0267714	0.248497	0.0260033	0	0	0.0652571	0.0372439	0.00997407	0.438003
Eubacterium ventriosum	0.0341647	0.0490808	0.0973841	0.104013	0.23021	0.00302939	0.165318	0.0335196	0.0199481	0.0802447
Eubacterium xylanophilum	0	0	0.0201484	0.00433388	0.00523204	0	0.0304533	0.197393	0	0.0618553
Exiguobacterium aurantiacum	0.00488067	0	0	0	0	0	0	0	0	0
Facklamia hominis	0	0	11.0346	0	0.0156961	0	0.0261028	0	0	0
Faecalibacterium sp. MC_41	2.15237	15.3534	0.0570872	6.6135	0.00523204	1.51166	19.96	13.0652	0.812886	5.48673
Faecalitalea cylindroides	0	0	0	0	0	0.0151469	0	0	0	0
Finegoldia magna	0	0	0.00335807	0	0	0	0	0	0.00498703	0.00668706
Fusobacterium periodonticum	0	0	0.00671614	0	0	0	0	0	0	0
Fusobacterium varium	0	0	0	0	0.245906	0	0	0	0	0
Gemella haemolysans	0.00976134	0	0.0100742	0.00433388	2.20792	0.00605877	0.00435047	0	0	0
Gloeobacter violaceus	0.00488067	0	0	0	0	0	0	0	0	0
Haemophilus haemolyticus	0	0	4.84905	0	0	0	0	0	0	0
Haemophilus parainfluenzae	0.131778	0.0580046	0.0134323	0.572072	0	0.00908815	0.295832	0.0409683	0	0.02842
Haemophilus paraphrohaemolyticus	0	0	0.0369388	0	0	0	0	0.00372439	0	0
Haemophilus sputorum	0	0	0.00671614	0	0	0	0	0	0	0
Hallella seregens	0	0.0044619	0	0	0	0	0	0	0	0
Halobacteriovorax marinus	0.00488067	0	0	0	0	0	0	0	0	0
Holdemanella biformis	0.444141	0	0	0.00433388	0	0.00302939	0	0	0.144624	0.00167177
Holdemania filiformis	0.00488067	0.0312333	0.00335807	0	0.00523204	0.0514995	0.0174019	0.018622	0	0.00334353
Iamia majanohamensis	0	0	0.0100742	0	0	0	0	0	0	0
Ignavibacterium album	0	0	0.0570872	0	0	0.0151469	0	0	0	0
Intestinibacter bartlettii	0.00488067	0.0267714	0.00335807	0.42472	0.00523204	0	1.8533	0.49162	0.0199481	2.21676
Kandleria vitulina	0.380692	1.86953	0.00335807	0	0	0	0	0	0	0
Lachnoanaerobaculum saburreum	0	0.00892379	0	0	0	0.00302939	0.00435047	0	0	0
Lachnobacterium bovis	0	0	0	0.00433388	0	0	0.00435047	0	0	0
Lactobacillus backii	0	0	0.00335807	0	0	0	0	0	0	0
Lactobacillus casei	0	0	0	0	0.00523204	0	0	0	0	0
Lactobacillus coryniformis	0	0	0.00335807	0	0	0	0	0	0	0
Lactobacillus crispatus	0	0	0.00335807	0	0.00523204	0	0.00435047	0.00744879	0	0.00167177
Lactobacillus kefiranofaciens	0	0	0.00335807	0.00433388	0	0.00302939	0	0.00372439	0	0
Lactobacillus kunkeei	0.00488067	0	0.00335807	0	0	0	0	0	0	0
Lactobacillus mucosae	0	0	0.00335807	0	0	0.00302939	0	0	0	0
Lactobacillus nasuensis	0	0	0.00335807	0	0	0	0	0	0	0
Lactobacillus nodensis	0	0	0.00335807	0	0	0	0	0	0	0
Lactobacillus plantarum	0	0	0.00335807	0	0.00523204	0	0	0	0	0
Lactobacillus reuteri	0	0	0.00335807	0	0.0104641	0	0	0	0	0
Lactobacillus ruminis	0.00488067	0	0	0	0	0	0	0	0	0
Lactobacillus sharpeae	0	0.0044619	0	0	0	0	0	0	0	0
Lactobacillus sp. NBRC 107185	0.00488067	0	0.00671614	0.00433388	0.00523204	0	0	0	0.00498703	0
Lactococcus lactis	0	0	0.00335807	0.00433388	0	0.0242351	0.0130514	0	0.00498703	0.00167177
Lactococcus raffinolactis	0	0	0.00671614	0	0	0	0	0	0	0
Lactonifactor longoviformis	0	0	0	0	1.19814	0.00302939	0	0	0	0
Lautropia mirabilis	0	0	0.00335807	0	0	0	0	0	0	0
Leptonema illini	0	0	0.00335807	0	0	0	0	0	0	0
Leptotrichia goodfellowii	0	0	0.00335807	0	0	0	0.00435047	0	0	0
Leuconostoc citreum	0	0	0.00671614	0	0	0	0	0	0	0
Mannheimia haemolytica	0	0	0.00335807	0	0	0	0	0	0	0
Marinifilum fragile	0	0.0044619	0	0.0650082	0	0.0121175	0	0	0	0
Melioribacter roseus	0	0	0	0.00866776	0	0	0	0	0	0
Megasphaera elsdenii	2.06452	0	0	0	0	0	0.00435047	0	0.00498703	0
Mesorhizobium australicum	0	0	0.00335807	0	0	0	0	0	0	0
Methanobrevibacter smithii	0	0.0044619	0	0.00433388	0	0	0	0	0	0.0317635
Microbacterium sp. JCM 9637	0	0	0.00335807	0	0	0	0	0	0	0
Mitsuokella multacida	0	0.107085	0	0	0	0	0	0	0	0
Mycobacterium chubuense	0	0	0	0	3.03458	0	0	0	0	0
Myroides odoratimimus	0	0	0.00335807	0	0	0	0	0	0	0
Neisseria elongata	0	0	0	0.00433388	0	0	0	0	0	0
Neisseria lactamica	0.00976134	0	0	0	0	0	0	0	0	0
Nitrosomonas sp. Is79A3	0	0	0.2082	0	0	0	0	0	0	0
Odoribacter splanchnicus	0.117136	0.111547	0.00335807	1.2785	0.130801	0.0333232	0.0348038	0.111732	0.0698185	0.0869318
Olsenella uli	0	0	1.19547	0	0	0	0	0	0	0.152131
Oscillibacter valericigenes	0.312363	0.383723	0.00335807	0.741094	0.0261602	0.569524	1.17463	1.67598	0.119689	3.23654
Owenweeksia hongkongensis	0	0	0	0.00433388	0	0	0	0	0	0
Oxalobacter formigenes	0.00976134	0	0	0	0	0	0	0	0	0.0117024
Paenibacillus alginolyticus	0	0	0.0100742	0	0	0	0	0	0	0
Paenibacillus dendritiformis	0	0	0.0100742	0	0	0	0	0	0	0
Paludibacter propionicigenes	0	0	1.05443	0.00433388	0	0.00605877	0	0.00372439	0	0.00167177
Parabacteroides distasonis	0.956611	0.758522	0.00335807	0.858109	0.0575524	0.0212057	1.48351	0.197393	0.119689	0.0585118
Parabacteroides goldsteinii	0.00976134	0.00892379	0	0	0.00523204	0.00302939	0	0	0	0.0401224
Parabacteroides gordonii	0	0	0	0.00433388	0.00523204	0.00302939	0	0	0	0
Parabacteroides johnsonii	0.0195227	0	0	0.00433388	0	0	0.0174019	0.00744879	0	0.0200612
Parabacteroides merdae	3.57753	0.455113	0	1.3045	0	1.0209	2.44062	1.02793	0.174546	0
Paraclostridium bifermentans	0	0	3.65358	0	0	0	0	0	0	0.00167177
Paraprevotella clara	1.21529	0.0044619	0	0.00433388	0	0.00605877	0.0304533	0	0.00498703	0
Paraprevotella xylaniphila	0	4.38158	0	0.00433388	0	0	0	0	0.00997407	0.00334353
Parasutterella excrementihominis	0.07321	0.0624665	0.00671614	1.01846	0.0104641	0.190851	0.0217524	0.301676	0	0.0718859
Pectinatus haikarae	0	0.00892379	0	0	0	0	0	0	0	0.00668706
Pediococcus acidilactici	0	0.0044619	0.0100742	0	0	0	0	0	0	0
Peptococcus niger	0.00976134	0	0.0167904	0	0	0	0	0	0.00997407	0.00668706
Peptostreptococcus stomatis	0	0	0.0772356	0	0	0	0.00435047	0	0	0
Porphyromonas cangingivalis	0	0	0.0436549	0	0	0	0	0	0.0149611	0
Prevotella albensis	0.00976134	0.00892379	0	0	0	0	0	0	0.00498703	0
Prevotella baroniae	0.00488067	0	0	0	0	0	0	0	0.00997407	0
Prevotella bergensis	0.00488067	0	0	0	0	0	0	0	0	0
Prevotella bivia	0.014642	0.0133857	0	0	0	0.00605877	0.00870095	0	0.0448833	0
Prevotella bryantii	0.0244033	0.0178476	0	0	0	0	0	0	0.0847796	0
Prevotella buccae	0.00976134	0	0	0	0	0	0.0304533	0	0.0199481	0.0300918
Prevotella buccalis	0.0244033	0.0044619	0.00671614	0.00433388	0	0.0151469	0.00870095	0	0.0947536	0
Prevotella copri	52.7942	25.348	0.110816	0.0780099	0.00523204	0.0545289	0.304533	0.0297952	84.984	0.021733
Prevotella corporis	0	0.0044619	0	0	0.00523204	0.0817934	0	0	0.0648314	0.00334353
Prevotella dentasini	0	0	0	0	0	0	0	0	0	0.31262
Prevotella denticola	0.522231	0.169552	0	0	0	0	0	0	0.274287	0
Prevotella disiens	0	0	0.0134323	0.00433388	0	0	0	0	0	0.00167177
Prevotella fusca	3.87525	0.245404	0	0.00433388	0	0	0	0	0.782964	0
Prevotella histicola	0.014642	0.0044619	0	0	0	0	0	0	0.0249352	0
Prevotella loescheii	0.0244033	0.00892379	0	0.00433388	0	0	0	0	0.0398963	0.290887
Prevotella maculosa	0.00488067	0	0	0	0	0	0	0	0	0
Prevotella marshii	0.00488067	0	0	0	0	0	0	0	0	0
Prevotella melaninogenica	0	0	0.00335807	0	0.638309	0	0	0	0.0199481	0
Prevotella multiformis	0.07321	0.0267714	0.00335807	0	0	0	0	0	0.219429	0
Prevotella nanceiensis	0	0	0.00335807	0	0	0	0	0	0	0
Prevotella nigrescens	0	0.0044619	0.0201484	0	0	0	0	0	0.00498703	0
Prevotella oralis	0.00976134	0.0044619	0	0	0	0	0	0	0.0149611	0
Prevotella oris	0.336766	0.124933	0	0	0	0.00605877	0	0	0.334131	0.00167177
Prevotella oryzae	0.029284	0.0044619	0	0	0	0	0	0	0.0249352	0
Prevotella oulorum	0	0.0133857	0	0	0	0	0	0	0	0.00167177
Prevotella paludivivens	0.0244033	0.00892379	0	0	0	0	0	0	0.0299222	0
Prevotella ruminicola	0.29284	0.218633	0.00335807	0.0130016	0	0.0121175	0	0.00372439	0.72312	0.0100306
Prevotella salivae	0	0.0044619	0.00335807	0	0	0.00302939	0	0.0111732	0.00498703	0.00334353
Prevotella timonensis	0	0	0.00335807	0	0	0.00605877	0	0	0	0
Prevotella scopos	0	0.0133857	0	0	0	0	0	0	0.00997407	0
Prevotella shahii	0.170823	0.111547	0	0	0	0	0	0	0.533613	0.00668706
Prevotella sp. oral taxon 299	0	0.0044619	0	0	0	0	0	0	0	0
Prevotella veroralis	0.0976134	0.0401571	0.00335807	0	0	0	0	0	0	0
Propionibacterium propionicum	0	0	0	0	0.601685	0	0	0	0	0
Proteus mirabilis	0.00488067	0	0	0	0	0	0	0	0	0
Pseudobutyrivibrio ruminis	0	0.0044619	0	0	0	0.0121175	0	0	0	0
Pseudomonas aeruginosa	0	0	0.00335807	0.00433388	0	0	0.00870095	0	0	0
Pseudomonas deceptionensis	0	0	0.00671614	0.00433388	0	0.00302939	0.00870095	0	0	0
Pseudomonas psychrophila	0	0	0	0.00433388	0	0	0	0	0	0
Pseudomonas viridiflava	0	0	0	0.00433388	0	0.00302939	0	0.00372439	0.00498703	0
Renibacterium salmoninarum	0	0	0.00335807	0	0	0	0	0	0	0
Rhodococcus jostii	0	0	0	0.00433388	0	0	0.00435047	0	0	0
Rikenella microfusus	0	0.0044619	0.742134	0	0	0	0	0	0	0
Roseburia hominis	0.043926	0.638051	0.0604453	0.528734	0.0104641	0	0.130514	1.50838	0.0648314	0.125382
Roseburia intestinalis	0.014642	0.0490808	0.00335807	0.0216694	0.0575524	0.00302939	0.0304533	0.0148976	0.0548574	0.0685424
Rothia mucilaginosa	0	0	0.00335807	0.00866776	0.0104641	0.00908815	0.0130514	0.00372439	0	0.00167177
Rubrobacter radiotolerans	0	0	0.00335807	0	0.0209282	0	0	0	0	0
Rubrobacter xylanophilus	0	0	0.0369388	0	0	0	0	0	0	0
Ruminiclostridium thermocellum	0.014642	0.356952	3.19017	0.203692	0.0837127	0.0878522	0.0217524	0.55121	0	0.22736
Ruminococcus albus	0.126897	0.249866	0.268646	2.26662	0.0313922	0.00302939	1.40085	0.0111732	0.00997407	0.414598
Ruminococcus bromii	0	0.00892379	0	1.3435	0	0	0.452449	0.0558659	0	8.35047
Ruminococcus callidus	0.278198	0.468499	0.0100742	0.277368	0	0.00605877	0.256678	0.119181	0.0548574	0.0250765
Ruminococcus champanellensis	0	0.0044619	0.0268646	0.0130016	0	0.00302939	0.00870095	0.00372439	0	0.0133741
Ruminococcus flavefaciens	0.00488067	0.0267714	0.0201484	0.0520066	0.00523204	0	0.0348038	0.0111732	0.00498703	0.996372
Ruminococcus lactaris	0.00488067	0.0267714	0.00335807	0.0173355	0.00523204	0	0.00870095	0.193669	0	0.00668706
Rummeliibacillus pycnus	0	0	0.00335807	0	0	0	0	0.00372439	0	0
Salinicoccus roseus	0	0	0.00335807	0	0	0	0	0	0	0
Salmonella enterica	0.00488067	0.0044619	0.00671614	0.00433388	0.00523204	0	0	0	0	0
Selenomonas infelix	0	0	0.00671614	0	0	0	0	0	0	0
Selenomonas ruminantium	0	0.0133857	0	0	0	0	0	0.00372439	0	0
Sharpea azabuensis	0	0.0044619	0	0	0	0	0	0	0	0
Sphingobacterium composti Yoo et al. 2007	0	0	0.00335807	0.00433388	0.00523204	0.00302939	0	0	0	0
Sphingobacterium sp. CCBAU 10953	0	0	0.00335807	0.00433388	0	0	0	0	0	0
Sphingobacterium sp. LMG 8345	0	0.0044619	0.00335807	0	0	0	0	0	0	0
Sphingobacterium sp. NBRC 15340	0	0.0044619	0	0	0	0	0	0	0	0
Sphingomonas koreensis	0.00488067	0.0044619	0	0	0	0	0	0	0	0
Spirochaeta bajacaliforniensis	0	0	0.0973841	0	0	0	0	0	0	0
Sporobacter termitidis	0.0244033	0.0669284	0.0235065	0.186357	0.0994088	0.00908815	0.269729	0.242086	0.0598444	0.748951
Staphylococcus epidermidis	0	0	0	0	0.109873	0	0	0	0	0
Stenotrophomonas maltophilia	0	0	0	0	0	0.00605877	0.00435047	0	0	0
Streptococcus agalactiae	0	0.0044619	0.00671614	0.00433388	0	0	0.00435047	0	0	0
Streptococcus alactolyticus	0	0	0.00335807	0	0	0	0.00435047	0	0	0.00167177
Streptococcus anginosus	0	0	0.0335807	0	0	0	0	0	0	0
Streptococcus intermedius	0	0	0.315659	0	0.0209282	0	0	0	0	0
Streptococcus mitis	0.00488067	0.0401571	0.456698	0.0476727	0.350547	0.039382	0.0870095	0.0148976	0	0
Streptococcus oralis	0.00488067	0.0178476	0.0201484	0.0216694	0.0104641	0.0151469	0.100061	0.0260708	0.00498703	0
Streptococcus pneumoniae	0.00488067	0	0.0268646	0.0130016	0	0.00605877	0.00435047	0	0	0
Streptococcus pyogenes	0	0.0044619	0	0	0	0	0	0	0	0
Streptococcus salivarius	0	0.0178476	0.00335807	0.00866776	0.0104641	0.00302939	0	0	0	0.00668706
Streptococcus sanguinis	0	0	0.184694	0	0	0	0	0	0	0
Streptococcus suis	0.00488067	0.0044619	0.701837	0.0173355	0.00523204	0.00605877	0.0130514	0.00372439	0	0
Streptococcus thermophilus	0.00976134	0.334642	0.00335807	0.264367	0.00523204	0.0636171	0.587314	0.018622	0.00997407	0.0117024
Streptococcus uberis	0	0	0.0201484	0	39.5647	0.00302939	0	0	0	0
Streptococcus vestibularis	0	0	0	0	0	0.00302939	0.00870095	0	0	0
Sutterella parvirubra	0.361169	0	0	0.00433388	0	0	0	0	0.0897666	0.0267482
Sutterella sanguinus	0.00488067	0	0	0	0	0	0	0	0.00498703	0
Terrimonas ferruginea	0.00488067	0	0	0	0	0	0	0	0	0
Terrisporobacter mayombei	0	0	0.00335807	0	0.0104641	0	0.0522057	0.00372439	0	0
Thauera selenatis	0	0	0.0100742	0	0.00523204	0	0	0	0	0
Thermobaculum terrenum	0.00488067	0	0.0100742	0	0	0.00605877	0.00435047	0.00372439	0.00498703	0
Thermaerobacter marianensis	0	0	0	0.00433388	0	0	0	0	0	0
Thermincola potens	0	0	0	0	0	0	0	0	0	0
Thermoactinomyces vulgaris	0	0	0	0.00433388	0	0	0	0	0.00334353	0
Tissierella praeacuta	0	0	0	0.0130016	0	0	0	0	0.00498703	0
Uliginosibacterium gangwonense	0	0	0.00671614	0	0	0.00302939	0	0	0	0
Unknown	9.41969	15.0946	19.8462	12.8326	0.00523204	34.0745	27.9474	39.5121	2.24417	33.6995
Veillonella atypica	0	0	0.601095	0	0	0	0	0	0	0.0050153
Veillonella dispar	0.0341647	0.0401571	0.698479	0.0910115	0	0	0.0739581	0.00744879	0	0
Veillonella parvula	0.0195227	0.0044619	0.00671614	0.00866776	0	0.00605877	0.0391543	0.00372439	0	0.0050153
Veillonella ratti	0	0.0044619	0	0.00433388	0	0.00605877	0.00435047	0	0	0
Victivallis sp. MC_44	0	0	0	0.00433388	0	0	0	0	0.00997407	0
